iPhone 11 Apple (64GB) (PRODUCT)RED Tela 6.1" 4G Wi-Fi Câmera 12MP iOS,3.898,www.americanas.com.br/produto/1614132278?pfm_carac=iphone&pfm_page=search&pfm_pos=grid&pfm_type=search_page,americanas
